30000
30008
30016
30024
30032
30040
30048
30056
30064
30072
30080
30088
30096
30104
30112
30120
30128
30136
30144
30152
30160
30168
30176
30184
30192
30200
30208
30216
30224
30232
30240
30248
30256
30264
30272
30280
30288
30296
30304
30312
30320
30328
30336
30344
30352
30360
30368
30376
30384
30392
30400
30408
30416
30424
30432
30440
30448
30456
30464
30472
30480
30488
30496
30504
30512
30520
30528
30536
30544
30552
30560
30568
30576
30584
30592
30600
30608
30616
30624
30632
30640
30648
30656
30664
30672
30680
30688
30696
30704
30712
30720
30728
30736
30744
30752
30760
30768
30776
30784
30792
30800